1951.416385 -24.612891
3924.431645 -103.084403
5950.185132 -155.919138
7964.132065 -196.306204
9969.380650 -222.089154
11990.534823 -237.073945
14072.515642 -246.930374
16100.145179 -255.319522
18160.735250 -264.853955
20208.394623 -273.365602
22275.581501 -279.660090
24368.072562 -283.056698
26381.168954 -285.708805
28379.159087 -288.090025
30458.332992 -290.040327
32526.597881 -292.253689
34564.425462 -293.679906
36602.563096 -295.331412
38664.358332 -296.970356
40726.269367 -298.159883
42734.706271 -299.481124
44705.858314 -300.895406
46820.154203 -302.091255
49009.890117 -303.093680
51156.224935 -304.005823
53288.255911 -304.853692
55398.121555 -305.731180
57482.154684 -306.575804
59590.734743 -307.488273
61683.450325 -308.058880
63669.845990 -308.655634
65674.438259 -309.640078
67704.795730 -309.991586
69797.631857 -310.758595
71891.890845 -311.344494
73913.975920 -311.974535
76422.346802 -312.624911
78980.316689 -313.221843
81483.821065 -313.633643
83993.929276 -314.271965
86488.178331 -314.872188
88991.792516 -315.372476
91496.128877 -315.862241
94026.867891 -316.200693
96599.073232 -316.668552
99180.045602 -317.047474
101762.115419 -317.616358
104335.290911 -317.928036
106906.954779 -318.273415
109507.333703 -318.629598
112122.566851 -319.042937
114732.897581 -319.650186
117348.080768 -320.063905
119952.716807 -320.401090
122556.472219 -320.746700
125145.672071 -321.128446
127744.629754 -321.390026
130332.732123 -321.521146
132931.295985 -321.673860
135532.307308 -321.909133
138143.856740 -322.202094
140746.947907 -322.662141
143361.373491 -322.916800
145764.754640 -323.130616
147864.352369 -323.367656
149963.651165 -323.661963
152026.144273 -323.996242
154068.928543 -324.224123
156128.602320 -324.342348
158209.853276 -324.590829
160300.128216 -324.908932
162391.724424 -325.191277
164470.489159 -325.453893
166522.215565 -325.624678
168587.724675 -325.749108
170647.595582 -326.035314
172721.357192 -326.252310
174805.546557 -326.432897
176902.706031 -326.645298
178971.466802 -326.856572
181036.834523 -327.094720
185169.767076 -327.578652
187252.017131 -327.694743
189357.403163 -327.859362
189357.403163 -327.859362
191471.663715 -328.053565
193531.632716 -328.359269
195595.965671 -328.370273
197655.201565 -328.495045
199723.589291 -328.622203
201805.165125 -328.800701
203892.538175 -329.041072
205998.961606 -329.202021
208077.398278 -329.346076
210133.079978 -329.489472
212195.965092 -329.657136
214263.871612 -329.867515
216338.707317 -330.075709
218438.989812 -330.190625
220538.285883 -330.281230
222648.269352 -330.496651
224704.783386 -330.605504
226759.869964 -330.800546
228822.119788 -330.913221
230905.069158 -331.098692
232992.647226 -331.199213
235087.990664 -331.286408
237190.625732 -331.484927
239259.898081 -331.680917
241307.695012 -331.696293
243361.893003 -331.853894
245431.033587 -331.954757
247499.189563 -332.084996
249582.065684 -332.195312
251690.744890 -332.360378
253798.116238 -332.413641
255853.540899 -332.543973
257921.814371 -332.677405
259967.626974 -332.799710
262026.679203 -332.812069
264098.905748 -332.916753
266217.841606 -333.109673
268422.851263 -333.109230
270620.277966 -333.230297
272810.505522 -333.347775
275006.777580 -333.487682
277200.302081 -333.600211
279404.771743 -333.720530
281618.616649 -333.821963
283829.130008 -333.918205
285976.086257 -333.886972
288124.061178 -334.075425
290266.591925 -334.206808
292419.328980 -334.211363
294590.608442 -334.308755
296752.247789 -334.394571
298928.963834 -334.417404
301083.858865 -334.626383
303248.798051 -334.667364
305428.814118 -334.670625
307596.216738 -334.652622
309734.432339 -334.816502
311874.196174 -334.975283
314023.074095 -335.058384
316163.259258 -335.061808
318294.157196 -335.156596
320383.729267 -335.253917
322485.966296 -335.348815
324617.266144 -335.485997
326747.599012 -335.492082
328882.749538 -335.491437
330955.752045 -335.677945
333045.679912 -335.767892
335123.733494 -335.819615
337225.421423 -335.833816
339439.986050 -335.903375
341556.916196 -335.942139
343670.553719 -336.088629
345777.229185 -336.150760
348031.335266 -336.193081
350322.448981 -336.224992
352551.755318 -336.266438
354765.058875 -336.326937
356984.183798 -336.432573
359215.735723 -336.461005
361434.799419 -336.484933
363678.001106 -336.623693
365934.770078 -336.764702
368169.035693 -336.771406
370354.289201 -336.884023
372486.707317 -336.905041
374596.292451 -336.925167
376701.604580 -337.004163
378795.956142 -337.092784
380855.701650 -337.136542
382945.783952 -337.159789
385159.522733 -337.230875
387298.673225 -337.280948
389408.548681 -337.319282
391519.865248 -337.312134
393683.685230 -337.368498
395842.680458 -337.403382
398026.863472 -337.395270
400141.607280 -337.513008
402239.042200 -337.572054
404307.913226 -337.596124
406417.891490 -337.626040
408626.232742 -337.569906
410831.945734 -337.693862
413064.456276 -337.660457
415275.041687 -337.732938
417540.077915 -337.773690
419800.387744 -337.779912
422095.847116 -337.841589
424391.804485 -337.843695
426682.705677 -337.834775
428970.895027 -337.896751
431266.976957 -337.923921
433559.531054 -338.010300
435811.030234 -338.090960
438037.379415 -338.107607
440125.229013 -338.058591
442199.731397 -338.178081
444361.727250 -338.234199
446600.182487 -338.289099
448724.158036 -338.292290
450855.762936 -338.280249
453078.909139 -338.276365
455194.267381 -338.365990
457253.176878 -338.492430
459311.359663 -338.504140
461548.845821 -338.526913
463821.536360 -338.564886
466076.453566 -338.666807
468254.556402 -338.674927
470399.505877 -338.719408
472576.107968 -338.718833
474729.010025 -338.752180
476912.134419 -338.770367
479061.298117 -338.781513
481269.049655 -338.779817
483500.376142 -338.734961
485731.563399 -338.825288
485731.563399 -338.825288
488208.175534 -338.890633
490389.292812 -338.919972
492460.469191 -338.915875
494545.945119 -338.928921
496659.647755 -339.004752
498826.885985 -339.052724
501055.058882 -339.069713
503170.170780 -339.066776
505251.877860 -339.053636
507486.882739 -339.077080
509963.404002 -339.118659
514788.829758 -339.135971
517231.729411 -339.214620
519730.625959 -339.264155
522162.522581 -339.316517
524509.202567 -339.311641
526636.571664 -339.305889
528627.811509 -339.389743
530649.411226 -339.406206
532640.542699 -339.404733
534490.490809 -339.416138
536224.664549 -339.453072
537969.977713 -339.453588
539726.110782 -339.524147
541473.742833 -339.524145
543221.048804 -339.585196
545044.530729 -339.636562
546883.980689 -339.683461
548701.652103 -339.708576
550449.148565 -339.626363
552237.368760 -339.677312
554056.471039 -339.712156
555873.667556 -339.787092
557807.977738 -339.811306
559768.774363 -339.792107
561717.648293 -339.825419
563638.449563 -339.849044
565493.164049 -339.876918
567362.408798 -339.865734
569225.875368 -339.882513
571089.121812 -339.874651
572954.520448 -339.924961
574809.929360 -339.899805
576827.035077 -339.903011
578756.663526 -339.908329
581241.011123 -339.936693
583327.186440 -340.000031
585263.877868 -339.964653
587200.617372 -339.980253
589226.679037 -340.012975
591201.719033 -340.080619
593066.690682 -340.095413
595250.398808 -340.096153
597310.438723 -340.085853
599308.796126 -340.092633
601363.124488 -340.086869
603388.258939 -340.123340
605492.383871 -340.142865
607563.719789 -340.123254
609844.062228 -340.134274
612321.270050 -340.209622
614983.241275 -340.319620
617699.753987 -340.300353
620479.977215 -340.304844
623122.305420 -340.347876
625724.105643 -340.356582
628357.546225 -340.346056
630967.946141 -340.360788
633547.982454 -340.348761
